54
654
312
684
8
354
8
351
984
351
68
8
3568
35
68
68
8
32
65
86
35
565
8
6
2
8
93
656
4
54
654
8
465
1
5
894
865
46
51
684
98
498
4
5
5435
18
4
894
984
984
89
4
2
8
6
3
45
8
68
3
65
86
5
3268
989
9
89
8
98
98
98
873
98
9
96
5
65
652
3
35
65
684
64
5461
312
68
684
3515
645
89
46
132
132
546
897
897
489
564
2153
231
15
564
894
987
465
654
54
654
312
684
8
354
8
351
984
351
68
8
3568
35
68
68
8
32
65
86
35
565
8
6
2
8
93
656
4
54
654
8
465
1
5
894
865
46
51
684
98
498
4
5
5435
18
4
894
984
984
89
4
2
8
6
3
45
8
68
3
65
86
5
3268
989
9
89
8
98
98
98
873
98
9
96
5
65
652
3
35
65
684
64
5461
312
68
684
3515
645
89
46
132
132
546
897
897
489
564
2153
231
15
564
894
987
465
65454
654
312
684
8
354
8
351
984
351
68
8
3568
35
68
68
8
32
65
86
35
565
8
6
2
8
93
656
4
54
654
8
465
1
5
894
865
46
51
684
98
498
4
5
5435
18
4
894
984
984
89
4
2
8
6
3
45
8
68
3
65
86
5
3268
989
9
89
8
98
98
98
873
98
9
96
5
65
652
3
35
65
684
64
5461
312
68
684
3515
645
89
46
132
132
546
897
897
489
564
2153
231
15
564
894
987
465
65454
654
312
684
8
354
8
351
984
351
68
8
3568
35
68
68
8
32
65
86
35
565
8
6
2
8
93
656
4
54
654
8
465
1
5
894
865
46
51
684
98
498
4
5
5435
18
4
894
984
984
89
4
2
8
6
3
45
8
68
3
65
86
5
3268
989
9
89
8
98
98
98
873
98
9
96
5
65
652
3
35
65
684
64
5461
312
68
684
3515
645
89
46
132
132
546
897
897
489
564
2153
231
15
564
894
987
465
65454
654
312
684
8
354
8
351
984
351
68
8
3568
35
68
68
8
32
65
86
35
565
8
6
2
8
93
656
4
54
654
8
465
1
5
894
865
46
51
684
98
498
4
5
5435
18
4
894
984
984
89
4
2
8
6
3
45
8
68
3
65
86
5
3268
989
9
89
8
98
98
98
873
98
9
96
5
65
652
3
35
65
684
64
5461
312
68
684
3515
645
89
46
132
132
546
897
897
489
564
2153
231
15
564
894
987
465
65454
654
312
684
8
354
8
351
984
351
68
8
3568
35
68
68
8
32
65
86
35
565
8
6
2
8
93
656
4
54
654
8
465
1
5
894
865
46
51
684
98
498
4
5
5435
18
4
894
984
984
89
4
2
8
6
3
45
8
68
3
65
86
5
3268
989
9
89
8
98
98
98
873
98
9
96
5
65
652
3
35
65
684
64
5461
312
68
684
3515
645
89
46
132
132
546
897
897
489
564
2153
231
15
564
894
987
465
65454
654
312
684
8
354
8
351
984
351
68
8
3568
35
68
68
8
32
65
86
35
565
8
6
2
8
93
656
4
54
654
8
465
1
5
894
865
46
51
684
98
498
4
5
5435
18
4
894
984
984
89
4
2
8
6
3
45
8
68
3
65
86
5
3268
989
9
89
8
98
98
98
873
98
9
96
5
65
652
3
35
65
684
64
5461
312
68
684
3515
645
89
46
132
132
546
897
897
489
564
2153
231
15
564
894
987
465
65454
654
312
684
8
354
8
351
984
351
68
8
3568
35
68
68
8
32
65
86
35
565
8
6
2
8
93
656
4
54
654
8
465
1
5
894
865
46
51
684
98
498
4
5
5435
18
4
894
984
984
89
4
2
8
6
3
45
8
68
3
65
86
5
3268
989
9
89
8
98
98
98
873
98
9
96
5
65
652
3
35
65
684
64
5461
312
68
684
3515
645
89
46
132
132
546
897
897
489
564
2153
231
15
564
894
987
465
65454
654
312
684
8
354
8
351
984
351
68
8
3568
35
68
68
8
32
65
86
35
565
8
6
2
8
93
656
4
54
654
8
465
1
5
894
865
46
51
684
98
498
4
5
5435
18
4
894
984
984
89
4
2
8
6
3
45
8
68
3
65
86
5
3268
989
9
89
8
98
98
98
873
98
9
96
5
65
652
3
35
65
684
64
5461
312
68
684
3515
645
89
46
132
132
546
897
897
489
564
2153
231
15
564
894
987
465
65454
654
312
684
8
354
8
351
984
351
68
8
3568
35
68
68
8
32
65
86
35
565
8
6
2
8
93
656
4
54
654
8
465
1
5
894
865
46
51
684
98
498
4
5
5435
18
4
894
984
984
89
4
2
8
6
3
45
8
68
3
65
86
5
3268
989
9
89
8
98
98
98
873
98
9
96
5
65
652
3
35
65
684
64
5461
312
68
684
3515
645
89
46
132
132
546
897
897
489
564
2153
231
15
564
894
987
465
65454
654
312
684
8
354
8
351
984
351
68
8
3568
35
68
68
8
32
65
86
35
565
8
6
2
8
93
656
4
54
654
8
465
1
5
894
865
46
51
684
98
498
4
5
5435
18
4
894
984
984
89
4
2
8
6
3
45
8
68
3
65
86
5
3268
989
9
89
8
98
98
98
873
98
9
96
5
65
652
3
35
65
684
64
5461
312
68
684
3515
645
89
46
132
132
546
897
897
489
564
2153
231
15
564
894
987
465
65454
654
312
684
8
354
8
351
984
351
68
8
3568
35
68
68
8
32
65
86
35
565
8
6
2
8
93
656
4
54
654
8
465
1
5
894
865
46
51
684
98
498
4
5
5435
18
4
894
984
984
89
4
2
8
6
3
45
8
68
3
65
86
5
3268
989
9
89
8
98
98
98
873
98
9
96
5
65
652
3
35
65
684
64
5461
312
68
684
3515
645
89
46
132
132
546
897
897
489
564
2153
231
15
564
894
987
465
65454
654
312
684
8
354
8
351
984
351
68
8
3568
35
68
68
8
32
65
86
35
565
8
6
2
8
93
656
4
54
654
8
465
1
5
894
865
46
51
684
98
498
4
5
5435
18
4
894
984
984
89
4
2
8
6
3
45
8
68
3
65
86
5
3268
989
9
89
8
98
98
98
873
98
9
96
5
65
652
3
35
65
684
64
5461
312
68
684
3515
645
89
46
132
132
546
897
897
489
564
2153
231
15
564
894
987
465
65454
654
312
684
8
354
8
351
984
351
68
8
3568
35
68
68
8
32
65
86
35
565
8
6
2
8
93
656
4
54
654
8
465
1
5
894
865
46
51
684
98
498
4
5
5435
18
4
894
984
984
89
4
2
8
6
3
45
8
68
3
65
86
5
3268
989
9
89
8
98
98
98
873
98
9
96
5
65
652
3
35
65
684
64
5461
312
68
684
3515
645
89
46
132
132
546
897
897
489
564
2153
231
15
564
894
987
465
65454
654
312
684
8
354
8
351
984
351
68
8
3568
35
68
68
8
32
65
86
35
565
8
6
2
8
93
656
4
54
654
8
465
1
5
894
865
46
51
684
98
498
4
5
5435
18
4
894
984
984
89
4
2
8
6
3
45
8
68
3
65
86
5
3268
989
9
89
8
98
98
98
873
98
9
96
5
65
652
3
35
65
684
64
5461
312
68
684
3515
645
89
46
132
132
546
897
897
489
564
2153
231
15
564
894
987
465
65454
654
312
684
8
354
8
351
984
351
68
8
3568
35
68
68
8
32
65
86
35
565
8
6
2
8
93
656
4
54
654
8
465
1
5
894
865
46
51
684
98
498
4
5
5435
18
4
894
984
984
89
4
2
8
6
3
45
8
68
3
65
86
5
3268
989
9
89
8
98
98
98
873
98
9
96
5
65
652
3
35
65
684
64
5461
312
68
684
3515
645
89
46
132
132
546
897
897
489
564
2153
231
15
564
894
987
465
65454
654
312
684
8
354
8
351
984
351
68
8
3568
35
68
68
8
32
65
86
35
565
8
6
2
8
93
656
4
54
654
8
465
1
5
894
865
46
51
684
98
498
4
5
5435
18
4
894
984
984
89
4
2
8
6
3
45
8
68
3
65
86
5
3268
989
9
89
8
98
98
98
873
98
9
96
5
65
652
3
35
65
684
64
5461
312
68
684
3515
645
89
46
132
132
546
897
897
489
564
2153
231
15
564
894
987
465
65454
654
312
684
8
354
8
351
984
351
68
8
3568
35
68
68
8
32
65
86
35
565
8
6
2
8
93
656
4
54
654
8
465
1
5
894
865
46
51
684
98
498
4
5
5435
18
4
894
984
984
89
4
2
8
6
3
45
8
68
3
65
86
5
3268
989
9
89
8
98
98
98
873
98
9
96
5
65
652
3
35
65
684
64
5461
312
68
684
3515
645
89
46
132
132
546
897
897
489
564
2153
231
15
564
894
987
465
65454
654
312
684
8
354
8
351
984
351
68
8
3568
35
68
68
8
32
65
86
35
565
8
6
2
8
93
656
4
54
654
8
465
1
5
894
865
46
51
684
98
498
4
5
5435
18
4
894
984
984
89
4
2
8
6
3
45
8
68
3
65
86
5
3268
989
9
89
8
98
98
98
873
98
9
96
5
65
652
3
35
65
684
64
5461
312
68
684
3515
645
89
46
132
132
546
897
897
489
564
2153
231
15
564
894
987
465
65454
654
312
684
8
354
8
351
984
351
68
8
3568
35
68
68
8
32
65
86
35
565
8
6
2
8
93
656
4
54
654
8
465
1
5
894
865
46
51
684
98
498
4
5
5435
18
4
894
984
984
89
4
2
8
6
3
45
8
68
3
65
86
5
3268
989
9
89
8
98
98
98
873
98
9
96
5
65
652
3
35
65
684
64
5461
312
68
684
3515
645
89
46
132
132
546
897
897
489
564
2153
231
15
564
894
987
465
65454
654
312
684
8
354
8
351
984
351
68
8
3568
35
68
68
8
32
65
86
35
565
8
6
2
8
93
656
4
54
654
8
465
1
5
894
865
46
51
684
98
498
4
5
5435
18
4
894
984
984
89
4
2
8
6
3
45
8
68
3
65
86
5
3268
989
9
89
8
98
98
98
873
98
9
96
5
65
652
3
35
65
684
64
5461
312
68
684
3515
645
89
46
132
132
546
897
897
489
564
2153
231
15
564
894
987
465
65454
654
312
684
8
354
8
351
984
351
68
8
3568
35
68
68
8
32
65
86
35
565
8
6
2
8
93
656
4
54
654
8
465
1
5
894
865
46
51
684
98
498
4
5
5435
18
4
894
984
984
89
4
2
8
6
3
45
8
68
3
65
86
5
3268
989
9
89
8
98
98
98
873
98
9
96
5
65
652
3
35
65
684
64
5461
312
68
684
3515
645
89
46
132
132
546
897
897
489
564
2153
231
15
564
894
987
465
65454
654
312
684
8
354
8
351
984
351
68
8
3568
35
68
68
8
32
65
86
35
565
8
6
2
8
93
656
4
54
654
8
465
1
5
894
865
46
51
684
98
498
4
5
5435
18
4
894
984
984
89
4
2
8
6
3
45
8
68
3
65
86
5
3268
989
9
89
8
98
98
98
873
98
9
96
5
65
652
3
35
65
684
64
5461
312
68
684
3515
645
89
46
132
132
546
897
897
489
564
2153
231
15
564
894
987
465
65454
654
312
684
8
354
8
351
984
351
68
8
3568
35
68
68
8
32
65
86
35
565
8
6
2
8
93
656
4
54
654
8
465
1
5
894
865
46
51
684
98
498
4
5
5435
18
4
894
984
984
89
4
2
8
6
3
45
8
68
3
65
86
5
3268
989
9
89
8
98
98
98
873
98
9
96
5
65
652
3
35
65
684
64
5461
312
68
684
3515
645
89
46
132
132
546
897
897
489
564
2153
231
15
564
894
987
465
65454
654
312
684
8
354
8
351
984
351
68
8
3568
35
68
68
8
32
65
86
35
565
8
6
2
8
93
656
4
54
654
8
465
1
5
894
865
46
51
684
98
498
4
5
5435
18
4
894
984
984
89
4
2
8
6
3
45
8
68
3
65
86
5
3268
989
9
89
8
98
98
98
873
98
9
96
5
65
652
3
35
65
684
64
5461
312
68
684
3515
645
89
46
132
132
546
897
897
489
564
2153
231
15
564
894
987
465
654